Close:14:00  ,4.597107500000002|
Close:15:00  ,5.515289250000002|